00001000
00000000
00000000
00000011
00111100
00000001
11111111
11111111
00110100
00100001
11111111
11111111
00000000
00100010
00011000
00100110
00001100
00000000
00000000
00000111
00111100
00000010
11111111
11111111
00110100
01000010
11111111
11111111
00000000
10100110
00111000
00100110
00000000
10000000
00000000
00001000
00111100
00000011
11111111
11111111
00110100
01100011
11111111
11111111
00000001
00001001
01010000
00100101
00001000
00000000
00000000
00001111
00111100
00000100
11111111
11111111
00110100
10000100
11111111
11111111
00000001
01101100
01101000
00100101
00001100
00000000
00000000
00010011
00111100
00000101
11111111
11111111
00110100
10100101
11111111
11111111
00000001
11000000
00000000
00001000
00111100
00000110
11111111
11111111
00110100
11000110
11111111
11111111