00000000000000000000000000000000
00010010001101000101011001111000
10011010101111001101111011110000
00000000000000000000000000000000
00000000000000000000000000101100
00000000111111110000000011111111
11111111000000000000000011111111
00000000000000000000000000000000
00010010001101000101011001111000
10011010101111001101111011110000
00000000000000000000000000000000
00000000111111110000000011111111
00000000111111110000000011111111
00000000000000000000000000000000
00000000000000000000000001011000
00000000000000000000000000000000
00000000000000000000000000000000
00000000000000000000000000000000
00000000000000000000000000000000
00000000000000000000000000000000
00000000000000000000000000000000
00000000000000000000000000000000
00000000000000000000000000000000
00000000000000000000000000000000
00000000000000000000000000000000
00000000000000000000000000000000
00000000000000000000000000000000
00000000000000000000000000000000
00000000000000000000000000000000
00000000000000000000000000000000
00000000000000000000000000000000
00000000000000000000000000000000